0.250000 0.250000 0.125000
129.437439 139.257095 146.541870 156.905502 0.222700
129.020798 140.746979 146.958511 159.273712 0.377541
180.110733 153.182022 205.636459 178.838669 0.268941
182.764923 153.453339 205.767639 178.567352 0.320821
181.503418 153.182022 207.029144 178.838669 0.437824
75.237137 182.434158 100.762863 208.090805 0.500000
73.000000 183.524292 103.000000 208.638306 0.679179
75.237137 183.252975 100.762863 208.909622 0.679179
192.393875 184.600143 222.393875 219.379166 0.500000
194.631012 186.666656 220.156738 221.170746 0.500000
193.606125 186.529190 223.606125 221.308212 0.377541
190.931549 186.666656 226.280701 221.170746 0.437824
116.578323 98.253387 126.578323 105.665314 0.377541
128.104050 93.972748 136.894638 100.293533 0.201813
90.291534 116.286270 105.789764 129.286270 0.222700
92.212036 117.649734 105.798309 128.832642 0.320821
114.553246 116.888649 128.603394 126.856499 0.437824
115.865204 118.311081 127.291443 126.274826 0.348645
89.145973 116.505173 106.116508 129.505173 0.531209
91.260483 117.325073 105.325424 129.676224 0.531209
91.681274 117.909195 105.267548 129.092102 0.679179
90.768219 117.000648 106.266449 130.000641 0.705785
90.517334 116.829597 106.517334 129.180756 0.731059
91.724197 117.909195 105.310471 129.092102 0.679179
113.411720 117.056725 127.461876 127.024574 0.592667
114.048721 116.846901 128.113663 127.234398 0.377541
115.654617 117.782722 127.080856 127.251945 0.531209
114.108063 116.326767 128.158218 127.754532 0.731059
114.100670 116.384575 128.165604 126.772072 0.679179
114.340004 117.306038 127.926277 126.775261 0.705785
91.492256 118.029373 105.542412 131.029373 0.201813
91.724197 118.877533 105.310471 130.060455 0.348645
129.067276 139.366745 147.518631 157.631943 0.245085
131.753799 139.947128 145.818741 157.051559 0.437824
132.352417 140.177109 145.938690 157.812546 0.592667
129.555389 139.366745 146.525909 157.631943 0.777300
130.517334 139.947128 146.517334 157.051559 0.754915
130.982651 140.867004 147.027695 156.131683 0.731059
130.040649 142.068390 146.040649 156.654785 0.500000
131.724197 140.707870 145.310471 158.343307 0.468791
183.254379 152.773468 203.481094 179.145233 0.348645
184.223801 154.459351 203.038681 177.459351 0.377541
182.889389 155.299179 204.267258 179.285934 0.500000
183.927292 154.920319 204.154007 177.923035 0.592667
184.633209 155.366852 203.448090 178.366852 0.622459
183.615677 156.532364 203.540970 178.594040 0.245085
183.927292 155.417450 204.154007 178.420166 0.562177
184.633209 155.729004 203.448090 178.729004 0.468791
71.831841 183.099213 101.901878 210.890442 0.592667
72.531479 182.814117 102.053635 209.185883 0.851953
72.788086 183.518906 101.797028 209.479782 0.835484
72.157730 182.814117 101.679886 209.185883 0.679179
73.980759 181.462051 99.283768 210.537949 0.777300
193.317566 186.074173 222.839722 219.936172 0.531209
193.574173 185.677704 222.583115 221.323608 0.531209
191.622955 186.074173 223.503448 219.936172 0.348645
193.058731 183.489059 222.067673 222.521286 0.437824
